290 290 290 290 290 290 290 290 290 290 
290 290 291 292 293 292 291 290 290 290 
290 291 294 301 304 301 294 291 290 290 
290 292 301 322 329 322 301 292 290 290 
290 293 304 329 337 329 304 293 290 290 
290 292 301 322 329 322 301 292 290 290 
290 291 294 301 304 301 294 291 290 290 
290 290 291 292 293 292 291 290 290 290 
290 290 290 290 290 290 290 290 290 290 
290 290 290 290 290 290 290 290 290 290 
