290 290 290 290 290 290 290 290 290 290 
290 290 291 292 293 292 291 290 290 290 
290 291 294 301 303 301 294 291 290 290 
290 292 301 324 331 324 301 292 290 290 
290 293 303 331 339 331 303 293 290 290 
290 292 301 324 331 324 301 292 290 290 
290 291 294 301 303 301 294 291 290 290 
290 290 291 292 293 292 291 290 290 290 
290 290 290 290 290 290 290 290 290 290 
290 290 290 290 290 290 290 290 290 290 
