290 290 290 290 290 290 290 290 290 290 
290 290 291 292 293 292 291 290 290 290 
290 291 294 301 303 301 294 291 290 290 
290 292 301 323 330 323 301 292 290 290 
290 293 303 330 339 330 303 293 290 290 
290 292 301 323 330 323 301 292 290 290 
290 291 294 301 303 301 294 291 290 290 
290 290 291 292 293 292 291 290 290 290 
290 290 290 290 290 290 290 290 290 290 
290 290 290 290 290 290 290 290 290 290 
